requisitos de nós (6) : [0, 1, 2, 3, 4, 5]
requisitos de arcos (7) : [[0, 1], [1, 2], [1, 3], [2, 4], [2, 5], [4, 1], [5, 1]]
requisitos de par de arcos (10) : [[0, 1, 2], [0, 1, 3], [1, 2, 4], [1, 2, 5], [2, 4, 1], [2, 5, 1], [4, 1, 2], [4, 1, 3], [5, 1, 2], [5, 1, 3]]


T0: [0, 1, 3]
[[0, 1, 3]]


T1: [0, 1, 2, 4, 1, 3]
[[0, 1, 2], [1, 2, 4], [2, 4, 1], [4, 1, 3]]


T2: [0, 1, 2, 5, 1, 3]
[[1, 2, 5], [2, 5, 1], [5, 1, 3]]


T3: [0, 1, 2, 4, 1, 2, 4, 1, 3]
[[4, 1, 2]]


T4: [0, 1, 2, 5, 1, 2, 4, 1, 3]
[[5, 1, 2]]


